CAIVOles'llss-lti
CANON H‚IN QUO TRES

 

 

Mt Mc Lc Mt Mc Le Mt Mc Le Mt Mc Lc
15 6 15 94 86 97 179 99 197 251 146 255
21 10 32 94 86 146 190 105 195 253 148 204
31 102 185 103 1 70 192 106 216 258 150 257
32 39 79 114 24 41 193 ¹07 12¹ 259 151 258
32 39 133 116 25 42 193 107 218 264 155 156
50 41 56 116 25 165 194 108 152 269 154 228
62 13 4 116 25 177 194 108 219 271 42 230
62 13 24 121 32 127 195 109 220 278 160 263
63 18 33 122 33 129 198 110 221 281 163 268
67 15 26 123 34 147 199 111 173 285 166 265
69 47 83 130 35 82 201 112 222 285 166 267
71 21 38 131 36 76 203 114 270 296 177 280
72 22 39 135 38 78 205 116 224 296 177 284
72 22 186 137 44 167 206 117 232 301 182 286
73 23 40 143 57 90 208 118 233 308 189 305
74 49 85 144 59 12 217 127 240 312 193 299
76 52 169 149 66 35 219 128 241 316 197 293
79 29 86 149 66 43 223 130 243 317 198 295
80 30 44 153 69 36 225 134 245 322 202 309
82 53 87 164 79 144 226 133 244 338 218 322
32 53 110 163 83 95 229 135 137 339 219 325
83 54 87 168 83 206 229 135 246 340 220 327
83 54 112 170 85 96 242 137 237 342 222 323
85 55 88 172 87 98 242 137 248 344 224 328
85 55 114 174 91 99 243 138 249 346 225 336
88 141 148 176 93 101 248 143 209 353 232 337
88 141 251 178 95 102 248 143 253 354 233 338
92 4ο 80 178 95 217 249 144 254

 

CANON ΙΠ,1Ν QUO TRES

Mt Lc Ioh Ι Mt Lc 1011 Mt Lc Ioh Mt Le loh
1 14 1 64 65 37 111 119 148 112 119 87
1 14 3 90 58 118 112 119 8 112 119 90
1 14 5 90 58 139 112 119 44 112 119 142
7 6 2 97 211 105 112 119 61 112 119 154
7 6 25 111 119 30 112 119 76 146 92 47
59 63 116 111 119 114
CANON HH‚1N QUO TRES
Mt Mc Ioh Mt Mc Ioh Mt Mc 1011 Mt Mc Ioh
18 8 26 204 115 135 279 161 72 307 188 164
117 26 93 216 125 128 279 161 121 321 201 192
117 26 95 216 125 133 287 168 152 323 203 183
150 67 51 216 125 137 293 174 107 329 207 185
161 77 23 216 125 150 297 178 70 329 207 187
161 77 53 277 159 98 299 180 103 333 211 203

204 115 91

