100

139
145
148
152
154

 

CAJVOAUZS V-VJJL

CANON v‚1N QUO DUO

102
104
105
107
108
110

CANON VL IN QUO DUO
Mc

Mt
157

159
160

163
165
169
173
180
189
202
214
215

Mt

71
193
73
115

118

Ioh

119
127
128
129
132
134
138
156
158
162
175
182
182
183
187
197
213
221
228

 

224
246
247
250
252
254
260
263
275
282
286
288

 

Lc
126
62
128
132
130
81
120
168
57

226
161
200
187
189
198
I99
272
235
181

139

Mc
131
140
142
145
147
149
152
153
157
164
167
169

CANON VH,IN QUO DUO
Ioh

19 32 120 82
19 34 185 215
CANON ὪἾΠ,ΙΝ QUO DUO
Le Mc Mc
28 17 61
84 48 100 75
89 56 103 97

 

 

247
277
335

135

140
141
175

⁹

205

207
212
157
155

158
229
231

Me

171
173
179
185
190
192
208
217
221

229

1011
Ι 0 Ι

Μ c

136
216
230

