10

30
30
262

262
274
w4

13
24

29
33

¹9
31
43

§HQ-2⁵·⁴

18

22
29
31

11
13

18
22
24
27
29
31

 

CQ4AJOJVAE35 lus-fis.

CANON IX,IN QUO DUO

Lc
ι 274
303
303
303
1 3η
1

ἱ

ἱ

199

⁴ 101

J 106
109

113

CANON X‚IN QUO MARQ PROPRffL

74

4251

CANON XL

113
117
122
124
131
143
149
151
154

CANON X,

62
64
66
68
71
73
75
78

 

 

Ioh
231
182
186
190
182

115
118

124
126
136
140
151
155

88
90

 

IN QUO LUQ PROPRHQ

ῆς 1
163
164
166
174
176
178
180
183

ΙΝ QUO

89
92
94
97

99
102

104
106
108
110
112
115

 

Le
307
307
312
312
312

167
171
Ῑ77
181
184
186
188

191

92
94

188
190
192
196
201
203
208
210
214

IOPL

117
119
123
125
127
130
132
134
136
138
140
143

1

 

101]

186
190
182
186
190

196
200
210
212
218
222
227
230

101
104

223
225
227
236
252
256
259
264
271

PROPRIE.

145
147
149
151
153
155
157
159
163
165
167
169

Ε
ἶ
1
t

CANON X,IN QUO MATTOEL PROPRH&

ἲ
1

 

r

Ι

 

340
340
341
341
341

233
235*
239
245
268

273
283

1011

217
221
223
225

303
319
324
327
345
351
355

* 236 male Tisch.

123 Ι 186
132 213
273 306
276 308
278 316
283 320
288 326
296 331
298 334
301 339
304 342
171 207
173 210
177 212
179 214
181 216
189 218
191 220
193 224
195 226
200 228
202 230
205 232

